           0  1   2  3  4  5  6  7  8
[	     0  [0, 4, 0, 0, 0, 0, 0, 8, 0],
#       1  [4, 0, 8, 0, 0, 0, 0, 11, 0],
#       2  [0, 8, 0, 7, 0, 4, 0, 0, 2],
#       3  [0, 0, 7, 0, 9, 14, 0, 0, 0],
#       4  [0, 0, 0, 9, 0, 10, 0, 0, 0],
#       5  [0, 0, 4, 14, 10, 0, 2, 0, 0],
#       6  [0, 0, 0, 0, 0, 2, 0, 1, 6],
#       7  [8, 11, 0, 0, 0, 0, 1, 0, 7],
#       8  [0, 0, 2, 0, 0, 0, 6, 7, 0]
#        8]

9
16 
Y
0 1 4
0 7 8
1 2 8
1 7 11
2 3 7
2 5 40
2 8 2
3 4 9
3 5 14
4 2 4
4 5 10
5 7 2
6 5 2
6 8 6
7 6 1
8 7 7



10
15
N
1 8 2
1 10 7
2 3 8
3 4 6
3 6 1
5 3 5
5 2 4
5 6 5
6 7 4
6 5 4
7 4 2
8 2 6
8 5 3
9 4 9
9 2 2
